|8月   |个数   |耗时   |体重   |
| ------------ | ------------ | ------------ |------------ |
| 1  | 1000  |   |    |
| 2  |   |   |    |
| 3  | 1300  |   |    |
| 4  | 1300  |   |    |
| 5  | 2000  |   |    |
| 6  | 2000  |   |    |
| 7  | 2126  |   |    |
| 8  | 2400  |   |    |
| 9  | 2000  |   |    |
| 10 | 2000  |   |    |
| 11 | 1700  |   |    |
| 12 | 2000  |   |    |
| 13 |   |   |    |
| 14 | 2600  |   |    |
| 15 | 2000  |   |    |
| 16 | 2000  |   |    |
| 17 | 2000  |   |    |
| 18 | 1700  |   |    |
| 19 |   |   |    |
| 20 | 2000  |   |    |
| 21 | 2000  |   |    |
| 22 | 3000  |   |    |
| 23 | 2400  |   |    |
| 24 | 2200  |   |    |
| 25 | 2500  |   |    |
| 26 | 2600  |   |    |
| 27 |   |   |    |
| 28 |   |   |    |
| 29 |   |   |    |
| 30 |   |   |    |
| 31 |   |   |    |
